2.263109042260975923e-02
2.263783056884593678e-02
2.265805220059924699e-02
2.269175888645776767e-02
2.273895652777673665e-02
2.279965328949868850e-02
2.287385950381439978e-02
2.296158754717359668e-02
2.306285169129283427e-02
2.317766792894407346e-02
2.330605377543552847e-02
2.344802804682162220e-02
2.360361061599345125e-02
2.377282214791158130e-02
2.395568381534256969e-02
2.415221699655293458e-02
2.436244295649608524e-02
2.458638251310064221e-02
2.482405569033158468e-02
2.507548135974660766e-02
2.534067687231384911e-02
2.561965768228649520e-02
2.591243696495232340e-02
2.621902523008578026e-02
2.653942993293077063e-02
2.687365508453326557e-02
2.722170086322269270e-02
2.758356322901338656e-02
2.795923354265978517e-02
2.834869819105346675e-02
2.875193822059652834e-02
2.916892898012542201e-02
2.959963977489163747e-02
3.004403353303187682e-02
3.050206648588268607e-02
3.097368786340867070e-02
3.145883960592753270e-02
3.195745609322249436e-02
3.246946389203868300e-02
3.299478152286346166e-02
3.353331924679239101e-02
3.408497887318358288e-02
3.464965358870249895e-02
3.522722780826109679e-02
3.581757704825470900e-02
3.642056782240314650e-02
3.703605756040598967e-02
3.766389454952732280e-02
3.830391789913412115e-02
3.895595752812272550e-02
3.961983417508274652e-02
4.029535943096415607e-02
4.098233579393642523e-02
4.168055674605163075e-02
4.238980685125481179e-02
4.310986187421687182e-02
4.384048891940547227e-02
4.458144658974957236e-02
4.533248516420245594e-02
4.609334679345993696e-02
4.686376571304593647e-02
4.764346847293979975e-02
4.843217418288620763e-02
4.922959477249783805e-02
5.003543526523688417e-02
5.084939406534109974e-02
5.167116325674316057e-02
5.250042891302144493e-02
5.333687141741071114e-02
5.418016579189832010e-02
5.502998203443139336e-02
5.588598546326244143e-02
5.674783706746892170e-02
5.761519386269143422e-02
5.848770925114742808e-02
5.936503338499453386e-02
6.024681353213427737e-02
6.113269444356837778e-02
6.202231872144263469e-02
6.291532718693862436e-02
6.381135924719855135e-02
6.471005326050000006e-02
6.561104689892308106e-02
6.651397750778796636e-02
6.741848246116868837e-02
6.832419951282496517e-02
6.923076714192716308e-02
7.013782489298182876e-02
7.104501370940319305e-02
7.195197626020775894e-02
7.285835725934709795e-02
7.376380377722695225e-02
7.466796554399697528e-02
7.557049524422951303e-02
7.647104880264112003e-02
7.736928566054353251e-02
7.826486904274354561e-02
7.915746621464755939e-02
8.004674872935234331e-02
8.093239266454203829e-02
8.181407884903565964e-02
8.269149307886215772e-02
8.356432632276809824e-02
8.443227491708978072e-02
8.529504074994798124e-02
8.615233143475042876e-02
8.700386047300930070e-02
8.784934740650542084e-02
8.868851795885257516e-02
8.952110416653638603e-02
9.034684449952101737e-02
9.116548397153710626e-02
9.197677424018022019e-02
9.278047369696579283e-02
9.357634754750304706e-02
9.436416788196144712e-02
9.514371373601980542e-02
9.591477114249689906e-02
9.667713317387499616e-02
9.743059997593750410e-02
9.817497879274937611e-02
9.891008398321804451e-02
9.963573702948026745e-02
1.003517665373623441e-01
1.010580082291724774e-01
1.017543049290817597e-01
1.024405065413590832e-01
1.031164700217240687e-01
1.037820593420870907e-01
1.044371454489437939e-01
1.050816062156950531e-01
1.057153263891600498e-01
1.063381975305535271e-01
1.069501179511921501e-01
1.075509926431976321e-01
1.081407332054590414e-01
1.087192577651170666e-01
1.092864908948238262e-01
1.098423635260379894e-01
1.103868128586007885e-01
1.109197822668414185e-01
1.114412212024527699e-01
1.119510850943747360e-01
1.124493352459155354e-01
1.129359387293393940e-01
1.134108682781395511e-01
1.138741021772139150e-01
1.143256241511510646e-01
1.147654232508314859e-01
1.151934937385413055e-01
1.156098349717898793e-01
1.160144512860161459e-01
1.164073518763643483e-01
1.167885506786997540e-01
1.171580662500329856e-01
1.175159216485116009e-01
1.178621443131346175e-01
1.181967659433357659e-01
1.185198223785791510e-01
1.188313534781009484e-01
1.191314030009279212e-01
1.194200184862958952e-01
1.196972511345841400e-01
1.199631556888796774e-01
1.202177903172754053e-01
1.204612164960036230e-01
1.206934988934985076e-01
1.209147052554777613e-01
1.211249062911269603e-01
1.213241755604655275e-01
1.215125893629680764e-01
1.216902266275100980e-01
1.218571688037023010e-01
1.220134997546716560e-01
1.221593056513466530e-01
1.222946748682947615e-01
1.224196978811597780e-01
1.225344671657410400e-01
1.226390770987528245e-01
1.227336238602978191e-01
1.228182053380865030e-01
1.228929210334285677e-01
1.229578719690208877e-01
1.230131605985524262e-01
1.230588907181431324e-01
1.230951673796321921e-01
1.231220968057257364e-01
1.231397863070144150e-01
1.231483442008657336e-01
1.231478797321947372e-01
1.231385029961162558e-01
1.231203248624749003e-01
1.230934569022520547e-01
1.230580113158434991e-01
1.230141008632003458e-01
1.229618387958262976e-01
1.229013387906177229e-01
1.228327148855365841e-01
1.227560814171022169e-01
1.226715529596856535e-01
1.225792442665908782e-01
1.224792702129057220e-01
1.223717457401024417e-01
1.222567858023688309e-01
1.221345053146491305e-01
1.220050191023719921e-01
1.218684418528438451e-01
1.217248880682837153e-01
1.215744720204753743e-01
1.214173077070130613e-01
1.212535088091131336e-01
1.210831886509691202e-01
1.209064601606212319e-01
1.207234358323146517e-01
1.205342276903201559e-01
1.203389472541895183e-01
1.201377055054168447e-01
1.199306128554814554e-01
1.197177791152401471e-01
1.194993134656446299e-01
1.192753244297547338e-01
1.190459198460181861e-01
1.188112068427915058e-01
1.185712918140716249e-01
1.183262803964115345e-01
1.180762774469923948e-01
1.178213870228234789e-01
1.175617123610432219e-01
1.172973558602931204e-01
1.170284190631393911e-01
1.167550026395121898e-01
1.164772063711388278e-01
1.161951291369430067e-01
1.159088688993839544e-01
1.156185226917097325e-01
1.153241866060999710e-01
1.150259557826715101e-01
1.147239243993228158e-01
1.144181856623925769e-01
1.141088317981082123e-01
1.137959540448001683e-01
1.134796426458591079e-01
1.131599868434124412e-01
1.128370748726976458e-01
1.125109939571100615e-01
1.121818303039032599e-01
1.118496691005203131e-01
1.115145945115354753e-01
1.111766896761838125e-01
1.108360367064614577e-01
1.104927166857730125e-01
1.101468096681095243e-01
1.097983946777362496e-01
1.094475497093723437e-01
1.090943517288435749e-01
1.087388766741904655e-01
1.083811994572147219e-01
1.080213939654461053e-01
1.076595330645134241e-01
1.072956886009037020e-01
1.069299314050930899e-01
1.065623312950337298e-01
1.061929570799830802e-01
1.058218765646582737e-01
1.054491565537033076e-01
1.050748628564547871e-01
1.046990602919911917e-01
1.043218126944537305e-01
1.039431829186256290e-01
1.035632328457566642e-01
1.031820233896215133e-01
1.027996145027992442e-01
1.024160651831631935e-01
1.020314334805692558e-01
1.016457765037321326e-01
1.012591504272790932e-01
1.008716104989704765e-01
1.004832110470772061e-01
1.000940054879058821e-01
9.970404633346213741e-02
9.931338519924270969e-02
9.892207281214702996e-02
9.853015901850226133e-02
9.813769279218996500e-02
9.774472224286946676e-02
9.735129462428854241e-02
9.695745634267445567e-02
9.656325296519846502e-02
9.616872922850619454e-02
9.577392904730792911e-02
9.537889552302156182e-02
9.498367095246279534e-02
9.458829683657556109e-02
9.419281388919788223e-02
9.379726204585719929e-02
9.340168047258917694e-02
9.300610757477592583e-02
9.261058100599767196e-02
9.221513767689362706e-02
9.181981376402749417e-02
9.142464471875255683e-02
9.102966527607292413e-02
9.063490946349656019e-02
9.024041060987557372e-02
8.984620135423106169e-02
8.945231365455860728e-02
8.905877879660982488e-02
8.866562740264899434e-02
8.827288944017934458e-02
8.788059423063737663e-02
8.748877045805188157e-02
8.709744617766522479e-02
8.670664882451364908e-02
8.631640522196507015e-02
8.592674159021108926e-02
8.553768355471209894e-02
8.514925615459169317e-02
8.476148385098031257e-02
8.437439053530508548e-02
8.398799953752374148e-02
8.360233363430241704e-02
8.321741505713384224e-02
8.283326550039613045e-02
8.244990612934963159e-02
8.206735758807096048e-02
8.168564000732288222e-02
8.130477301235924936e-02
8.092477573066296503e-02
8.054566679961737419e-02
8.016746437410872395e-02
7.979018613406012317e-02
7.941384929189525266e-02
7.903847059993125701e-02
7.866406635770123446e-02
7.829065241920400708e-02
7.791824420008189311e-02
7.754685668472595383e-02
7.717650443330716092e-02
7.680720158873505232e-02
7.643896188354160071e-02
7.607179864669126601e-02
7.570572481031646872e-02
7.534075291637888638e-02
7.497689512325562966e-02
7.461416321225071424e-02
7.425256859403205068e-02
7.389212231499314720e-02
7.353283506354035826e-02
7.317471717630523453e-02
7.281777864428215508e-02
7.246202911889201848e-02
7.210747791797067485e-02
7.175413403168394433e-02
7.140200612836845873e-02
7.105110256029900651e-02
7.070143136938197848e-02
7.035300029277632983e-02
7.000581676844142009e-02
6.965988794061239719e-02
6.931522066520356962e-02
6.897182151514018311e-02
6.862969678561868514e-02
6.828885249929617096e-02
6.794929441140964976e-02
6.761102801482482549e-02
6.727405854501582183e-02
6.693839098497561535e-02
6.660403007005798182e-02
6.627098029275148294e-02
6.593924590738552138e-02
6.560883093477019867e-02
6.527973916676882427e-02
6.495197417080522673e-02
6.462553929430521482e-02
6.430043766907350689e-02
6.397667221560662809e-02
6.365424564734155355e-02
6.333316047484209566e-02
6.301341900992218914e-02
6.269502336970786405e-02
6.237797548063724051e-02
6.206227708240089069e-02
6.174792973182120781e-02
6.143493480667287787e-02
6.112329350944446099e-02
6.081300687104165131e-02
6.050407575443322167e-02
6.019650085823968072e-02
5.989028272026593325e-02
5.958542172097808926e-02
5.928191808692519216e-02
5.897977189410646276e-02
5.867898307128496804e-02
5.837955140324773556e-02
5.808147653401361105e-02
5.778475796998884528e-02
5.748939508307174262e-02
5.719538711370624612e-02
5.690273317388544472e-02
5.661143225010610569e-02
5.632148320627360094e-02
5.603288478655903820e-02
5.574563561820872898e-02
5.545973421430644423e-02
5.517517897648939462e-02
5.489196819761833074e-02
5.461010006440223524e-02
5.432957265997867546e-02
5.405038396644991361e-02
5.377253186737534357e-02
5.349601415022176010e-02
5.322082850877021126e-02
5.294697254548223070e-02
5.267444377382398540e-02
5.240323962055053186e-02
5.213335742794949351e-02
5.186479445604564448e-02
5.159754788476622611e-02
5.133161481606816900e-02
5.106699227602717189e-02
5.080367721688976851e-02
5.054166651908844482e-02
5.028095699322047973e-02
5.002154538199116152e-02
4.976342836212176851e-02
4.950660254622275824e-02
4.925106448463295594e-02
4.899681066722488820e-02
4.874383752517690016e-02
4.849214143271285415e-02
4.824171870880929885e-02
4.799256561887105255e-02
4.774467837637567241e-02
4.749805314448678206e-02
4.725268603763749936e-02
4.700857312308375641e-02
4.676571042242828879e-02
4.652409391311575909e-02
4.628371952989931287e-02
4.604458316627904613e-02
4.580668067591291137e-02
4.557000787400061065e-02
4.533456053864024643e-02
4.510033441215913208e-02
4.486732520241842881e-02
4.463552858409232382e-02
4.440494019992208968e-02
4.417555566194539957e-02
4.394737055270142578e-02
4.372038042641180483e-02
4.349458081013839184e-02
4.326996720491752685e-02
4.304653508687168728e-02
4.282427990829867220e-02
4.260319709873883198e-02
4.238328206602042653e-02
4.216453019728384766e-02
4.194693685998463623e-02
4.173049740287610582e-02
4.151520715697155917e-02
4.130106143648639566e-02
4.108805553976098424e-02
4.087618475016374653e-02
4.066544433697567851e-02
4.045582955625597055e-02
4.024733565168945454e-02
4.003995785541576702e-02
3.983369138884119282e-02
3.962853146343259941e-02
3.942447328149466246e-02
3.922151203693003546e-02
3.901964291598294943e-02
3.881886109796674894e-02
3.861916175597516349e-02
3.842054005757818136e-02
3.822299116550225556e-02
3.802651023829542454e-02
3.783109243097754204e-02
3.763673289567589370e-02
3.744342678224636678e-02
3.725116923888045078e-02
3.705995541269849203e-02
3.686978045032927170e-02
3.668063949847600452e-02
3.649252770446952815e-02
3.630544021680816302e-02
3.611937218568518626e-02
3.593431876350372534e-02
3.575027510537936992e-02
3.556723636963085577e-02
3.538519771825884841e-02
3.520415431741318740e-02
3.502410133784871621e-02
3.484503395537003057e-02
3.466694735126501364e-02
3.448983671272787266e-02
3.431369723327146182e-02
3.413852411312933571e-02
3.396431255964729723e-02
3.379105778766543222e-02
