1.000000000000000036e-10
2.404809629218436842e-02
4.809619248436873551e-02
7.214428867655309219e-02
9.619238486873746274e-02
1.202404810609218333e-01
1.442885772531062039e-01
1.683366734452905744e-01
1.923847696374749450e-01
2.164328658296593155e-01
2.404809620218436861e-01
2.645290582140280566e-01
2.885771544062123994e-01
3.126252505983967978e-01
3.366733467905811406e-01
3.607214429827655389e-01
3.847695391749498817e-01
4.088176353671342245e-01
4.328657315593186228e-01
4.569138277515029656e-01
4.809619239436873639e-01
5.050100201358717067e-01
5.290581163280561050e-01
5.531062125202405033e-01
5.771543087124247906e-01
6.012024049046091889e-01
6.252505010967935872e-01
6.492985972889778745e-01
6.733466934811622728e-01
6.973947896733466711e-01
7.214428858655310695e-01
7.454909820577153567e-01
7.695390782498997551e-01
7.935871744420841534e-01
8.176352706342684407e-01
8.416833668264528390e-01
8.657314630186372373e-01
8.897795592108216356e-01
9.138276554030059229e-01
9.378757515951903212e-01
9.619238477873747195e-01
9.859719439795590068e-01
1.010020040171743405e+00
1.034068136363927692e+00
1.058116232556112202e+00
1.082164328748296489e+00
1.106212424940480998e+00
1.130260521132665286e+00
1.154308617324849573e+00
1.178356713517034082e+00
1.202404809709218370e+00
1.226452905901402657e+00
1.250501002093587166e+00
1.274549098285771453e+00
1.298597194477955741e+00
1.322645290670140250e+00
1.346693386862324537e+00
1.370741483054508825e+00
1.394789579246693334e+00
1.418837675438877621e+00
1.442885771631062131e+00
1.466933867823246418e+00
1.490981964015430705e+00
1.515030060207615215e+00
1.539078156399799502e+00
1.563126252591983789e+00
1.587174348784168298e+00
1.611222444976352586e+00
1.635270541168536873e+00
1.659318637360721382e+00
1.683366733552905670e+00
1.707414829745090179e+00
1.731462925937274466e+00
1.755511022129458754e+00
1.779559118321643263e+00
1.803607214513827550e+00
1.827655310706011837e+00
1.851703406898196347e+00
1.875751503090380634e+00
1.899799599282564921e+00
1.923847695474749431e+00
1.947895791666933718e+00
1.971943887859118005e+00
1.995991984051302515e+00
2.020040080243486802e+00
2.044088176435671311e+00
2.068136272627855377e+00
2.092184368820039886e+00
2.116232465012224395e+00
2.140280561204408460e+00
2.164328657396592970e+00
2.188376753588777479e+00
2.212424849780961988e+00
2.236472945973146054e+00
2.260521042165330563e+00
2.284569138357515072e+00
2.308617234549699138e+00
2.332665330741883647e+00
2.356713426934068156e+00
2.380761523126252222e+00
2.404809619318436731e+00
2.428857715510621240e+00
2.452905811702805305e+00
2.476953907894989815e+00
2.501002004087174324e+00
2.525050100279358389e+00
2.549098196471542899e+00
2.573146292663727408e+00
2.597194388855911473e+00
2.621242485048095983e+00
2.645290581240280492e+00
2.669338677432464557e+00
2.693386773624649067e+00
2.717434869816833576e+00
2.741482966009017641e+00
2.765531062201202150e+00
2.789579158393386660e+00
2.813627254585571169e+00
2.837675350777755234e+00
2.861723446969939744e+00
2.885771543162124253e+00
2.909819639354308318e+00
2.933867735546492828e+00
2.957915831738677337e+00
2.981963927930861402e+00
3.006012024123045911e+00
3.030060120315230421e+00
3.054108216507414486e+00
3.078156312699598995e+00
3.102204408891783505e+00
3.126252505083967570e+00
3.150300601276152079e+00
3.174348697468336589e+00
3.198396793660520654e+00
3.222444889852705163e+00
3.246492986044889673e+00
3.270541082237073738e+00
3.294589178429258247e+00
3.318637274621442756e+00
3.342685370813626822e+00
3.366733467005811331e+00
3.390781563197995840e+00
3.414829659390180350e+00
3.438877755582364415e+00
3.462925851774548924e+00
3.486973947966733434e+00
3.511022044158917499e+00
3.535070140351102008e+00
3.559118236543286518e+00
3.583166332735470583e+00
3.607214428927655092e+00
3.631262525119839601e+00
3.655310621312023667e+00
3.679358717504208176e+00
3.703406813696392685e+00
3.727454909888576751e+00
3.751503006080761260e+00
3.775551102272945769e+00
3.799599198465129835e+00
3.823647294657314344e+00
3.847695390849498853e+00
3.871743487041682918e+00
3.895791583233867428e+00
3.919839679426051937e+00
3.943887775618236002e+00
3.967935871810420512e+00
3.991983968002605021e+00
4.016032064194789086e+00
4.040080160386973596e+00
4.064128256579158105e+00
4.088176352771342614e+00
4.112224448963527124e+00
4.136272545155710745e+00
4.160320641347895254e+00
4.184368737540079763e+00
4.208416833732264273e+00
4.232464929924448782e+00
4.256513026116633291e+00
4.280561122308816913e+00
4.304609218501001422e+00
4.328657314693185931e+00
4.352705410885370441e+00
4.376753507077554950e+00
4.400801603269739459e+00
4.424849699461923969e+00
4.448897795654107590e+00
4.472945891846292099e+00
4.496993988038476608e+00
4.521042084230661118e+00
4.545090180422845627e+00
4.569138276615030136e+00
4.593186372807213758e+00
4.617234468999398267e+00
4.641282565191582776e+00
4.665330661383767286e+00
4.689378757575951795e+00
4.713426853768136304e+00
4.737474949960319925e+00
4.761523046152504435e+00
4.785571142344688944e+00
4.809619238536873453e+00
4.833667334729057963e+00
4.857715430921242472e+00
4.881763527113426093e+00
4.905811623305610603e+00
4.929859719497795112e+00
4.953907815689979621e+00
4.977955911882164131e+00
5.002004008074348640e+00
5.026052104266533149e+00
5.050100200458716770e+00
5.074148296650901280e+00
5.098196392843085789e+00
5.122244489035270298e+00
5.146292585227454808e+00
5.170340681419639317e+00
5.194388777611822938e+00
5.218436873804007448e+00
5.242484969996191957e+00
5.266533066188376466e+00
5.290581162380560976e+00
5.314629258572745485e+00
5.338677354764929106e+00
5.362725450957113615e+00
5.386773547149298125e+00
5.410821643341482634e+00
5.434869739533667143e+00
5.458917835725851653e+00
5.482965931918035274e+00
5.507014028110219783e+00
5.531062124302404293e+00
5.555110220494588802e+00
5.579158316686773311e+00
5.603206412878957821e+00
5.627254509071142330e+00
5.651302605263325951e+00
5.675350701455510460e+00
5.699398797647694970e+00
5.723446893839879479e+00
5.747494990032063988e+00
5.771543086224248498e+00
5.795591182416432119e+00
5.819639278608616628e+00
5.843687374800801138e+00
5.867735470992985647e+00
5.891783567185170156e+00
5.915831663377354666e+00
5.939879759569538287e+00
5.963927855761722796e+00
5.987975951953907305e+00
6.012024048146091815e+00
6.036072144338276324e+00
6.060120240530460833e+00
6.084168336722644455e+00
6.108216432914828964e+00
6.132264529107013473e+00
6.156312625299197983e+00
6.180360721491382492e+00
6.204408817683567001e+00
6.228456913875751511e+00
6.252505010067935132e+00
6.276553106260119641e+00
6.300601202452304150e+00
6.324649298644488660e+00
6.348697394836673169e+00
6.372745491028857678e+00
6.396793587221041300e+00
6.420841683413225809e+00
6.444889779605410318e+00
6.468937875797594828e+00
6.492985971989779337e+00
6.517034068181963846e+00
6.541082164374147467e+00
6.565130260566331977e+00
6.589178356758516486e+00
6.613226452950700995e+00
6.637274549142885505e+00
6.661322645335070014e+00
6.685370741527253635e+00
6.709418837719438145e+00
6.733466933911622654e+00
6.757515030103807163e+00
6.781563126295991673e+00
6.805611222488176182e+00
6.829659318680360691e+00
6.853707414872544312e+00
6.877755511064728822e+00
6.901803607256913331e+00
6.925851703449097840e+00
6.949899799641282350e+00
6.973947895833466859e+00
6.997995992025650480e+00
7.022044088217834990e+00
7.046092184410019499e+00
7.070140280602204008e+00
7.094188376794388518e+00
7.118236472986573027e+00
7.142284569178756648e+00
7.166332665370941157e+00
7.190380761563125667e+00
7.214428857755310176e+00
7.238476953947494685e+00
7.262525050139679195e+00
7.286573146331862816e+00
7.310621242524047325e+00
7.334669338716231834e+00
7.358717434908416344e+00
7.382765531100600853e+00
7.406813627292785362e+00
7.430861723484969872e+00
7.454909819677153493e+00
7.478957915869338002e+00
7.503006012061522512e+00
7.527054108253707021e+00
7.551102204445891530e+00
7.575150300638076040e+00
7.599198396830259661e+00
7.623246493022444170e+00
7.647294589214628679e+00
7.671342685406813189e+00
7.695390781598997698e+00
7.719438877791182207e+00
7.743486973983365829e+00
7.767535070175550338e+00
7.791583166367734847e+00
7.815631262559919357e+00
7.839679358752103866e+00
7.863727454944288375e+00
7.887775551136471996e+00
7.911823647328656506e+00
7.935871743520841015e+00
7.959919839713025524e+00
7.983967935905210034e+00
8.008016032097394543e+00
8.032064128289578164e+00
8.056112224481763562e+00
8.080160320673947183e+00
8.104208416866132580e+00
8.128256513058316202e+00
8.152304609250499823e+00
8.176352705442685220e+00
8.200400801634868841e+00
8.224448897827054239e+00
8.248496994019237860e+00
8.272545090211421481e+00
8.296593186403606879e+00
8.320641282595790500e+00
8.344689378787975897e+00
8.368737474980159519e+00
8.392785571172344916e+00
8.416833667364528537e+00
8.440881763556712158e+00
8.464929859748897556e+00
8.488977955941081177e+00
8.513026052133266575e+00
8.537074148325450196e+00
8.561122244517633817e+00
8.585170340709819214e+00
8.609218436902002836e+00
8.633266533094188233e+00
8.657314629286371854e+00
8.681362725478557252e+00
8.705410821670740873e+00
8.729458917862924494e+00
8.753507014055109892e+00
8.777555110247293513e+00
8.801603206439478910e+00
8.825651302631662531e+00
8.849699398823847929e+00
8.873747495016031550e+00
8.897795591208215171e+00
8.921843687400400569e+00
8.945891783592584190e+00
8.969939879784769587e+00
8.993987975976953209e+00
9.018036072169136830e+00
9.042084168361322227e+00
9.066132264553505848e+00
9.090180360745691246e+00
9.114228456937874867e+00
9.138276553130060265e+00
9.162324649322243886e+00
9.186372745514427507e+00
9.210420841706612904e+00
9.234468937898796526e+00
9.258517034090981923e+00
9.282565130283165544e+00
9.306613226475350942e+00
9.330661322667534563e+00
9.354709418859718184e+00
9.378757515051903582e+00
9.402805611244087203e+00
9.426853707436272600e+00
9.450901803628456221e+00
9.474949899820639843e+00
9.498997996012825240e+00
9.523046092205008861e+00
9.547094188397194259e+00
9.571142284589377880e+00
9.595190380781563277e+00
9.619238476973746899e+00
9.643286573165930520e+00
9.667334669358115917e+00
9.691382765550299538e+00
9.715430861742484936e+00
9.739478957934668557e+00
9.763527054126852178e+00
9.787575150319037576e+00
9.811623246511221197e+00
9.835671342703406594e+00
9.859719438895590216e+00
9.883767535087775613e+00
9.907815631279959234e+00
9.931863727472142855e+00
9.955911823664328253e+00
9.979959919856511874e+00
1.000400801604869727e+01
1.002805611224088089e+01
1.005210420843306629e+01
1.007615230462524991e+01
1.010020040081743353e+01
1.012424849700961893e+01
1.014829659320180255e+01
1.017234468939398795e+01
1.019639278558617157e+01
1.022044088177835519e+01
1.024448897797054059e+01
1.026853707416272421e+01
1.029258517035490961e+01
1.031663326654709323e+01
1.034068136273927863e+01
1.036472945893146225e+01
1.038877755512364587e+01
1.041282565131583127e+01
1.043687374750801489e+01
1.046092184370020028e+01
1.048496993989238391e+01
1.050901803608456930e+01
1.053306613227675292e+01
1.055711422846893655e+01
1.058116232466112194e+01
1.060521042085330556e+01
1.062925851704549096e+01
1.065330661323767458e+01
1.067735470942985820e+01
1.070140280562204360e+01
1.072545090181422722e+01
1.074949899800641262e+01
1.077354709419859624e+01
1.079759519039078164e+01
1.082164328658296526e+01
1.084569138277514888e+01
1.086973947896733428e+01
1.089378757515951790e+01
1.091783567135170330e+01
1.094188376754388692e+01
1.096593186373607054e+01
1.098997995992825594e+01
1.101402805612043956e+01
1.103807615231262496e+01
1.106212424850480858e+01
1.108617234469699397e+01
1.111022044088917760e+01
1.113426853708136122e+01
1.115831663327354661e+01
1.118236472946573024e+01
1.120641282565791563e+01
1.123046092185009925e+01
1.125450901804228465e+01
1.127855711423446827e+01
1.130260521042665189e+01
1.132665330661883729e+01
1.135070140281102091e+01
1.137474949900320631e+01
1.139879759519538993e+01
1.142284569138757355e+01
1.144689378757975895e+01
1.147094188377194257e+01
1.149498997996412797e+01
1.151903807615631159e+01
1.154308617234849699e+01
1.156713426854068061e+01
1.159118236473286423e+01
1.161523046092504963e+01
1.163927855711723325e+01
1.166332665330941865e+01
1.168737474950160227e+01
1.171142284569378766e+01
1.173547094188597129e+01
1.175951903807815491e+01
1.178356713427034030e+01
1.180761523046252393e+01
1.183166332665470932e+01
1.185571142284689294e+01
1.187975951903907657e+01
1.190380761523126196e+01
1.192785571142344558e+01
1.195190380761563098e+01
1.197595190380781460e+01
1.200000000000000000e+01
