1.000000000000000036e-10
1.202404819599198378e-02
2.404809629198396970e-02
3.607214438797595041e-02
4.809619248396793806e-02
6.012024057995992571e-02
7.214428867595189254e-02
8.416833677194388019e-02
9.619238486793586784e-02
1.082164329639278555e-01
1.202404810599198431e-01
1.322645291559118308e-01
1.442885772519038046e-01
1.563126253478958061e-01
1.683366734438877799e-01
1.803607215398797814e-01
1.923847696358717552e-01
2.044088177318637289e-01
2.164328658278557305e-01
2.284569139238477042e-01
2.404809620198397058e-01
2.525050101158316518e-01
2.645290582118236533e-01
2.765531063078156548e-01
2.885771544038076009e-01
3.006012024997996024e-01
3.126252505957916039e-01
3.246492986917836054e-01
3.366733467877755515e-01
3.486973948837675530e-01
3.607214429797595545e-01
3.727454910757515005e-01
3.847695391717435021e-01
3.967935872677355036e-01
4.088176353637274496e-01
4.208416834597194511e-01
4.328657315557114527e-01
4.448897796517033987e-01
4.569138277476954002e-01
4.689378758436874017e-01
4.809619239396794033e-01
4.929859720356713493e-01
5.050100201316632953e-01
5.170340682276552968e-01
5.290581163236472984e-01
5.410821644196392999e-01
5.531062125156313014e-01
5.651302606116233029e-01
5.771543087076151934e-01
5.891783568036071950e-01
6.012024048995991965e-01
6.132264529955911980e-01
6.252505010915831996e-01
6.372745491875752011e-01
6.492985972835672026e-01
6.613226453795590931e-01
6.733466934755510946e-01
6.853707415715430962e-01
6.973947896675350977e-01
7.094188377635270992e-01
7.214428858595191008e-01
7.334669339555109913e-01
7.454909820515029928e-01
7.575150301474949943e-01
7.695390782434869958e-01
7.815631263394789974e-01
7.935871744354709989e-01
8.056112225314630004e-01
8.176352706274548909e-01
8.296593187234468925e-01
8.416833668194388940e-01
8.537074149154308955e-01
8.657314630114228970e-01
8.777555111074148986e-01
8.897795592034067891e-01
9.018036072993987906e-01
9.138276553953907921e-01
9.258517034913827937e-01
9.378757515873747952e-01
9.498997996833667967e-01
9.619238477793587982e-01
9.739478958753506888e-01
9.859719439713426903e-01
9.979959920673346918e-01
1.010020040163326582e+00
1.022044088259318695e+00
1.034068136355310585e+00
1.046092184451302698e+00
1.058116232547294588e+00
1.070140280643286701e+00
1.082164328739278591e+00
1.094188376835270482e+00
1.106212424931262595e+00
1.118236473027254485e+00
1.130260521123246598e+00
1.142284569219238488e+00
1.154308617315230379e+00
1.166332665411222491e+00
1.178356713507214382e+00
1.190380761603206494e+00
1.202404809699198385e+00
1.214428857795190497e+00
1.226452905891182388e+00
1.238476953987174278e+00
1.250501002083166391e+00
1.262525050179158281e+00
1.274549098275150394e+00
1.286573146371142284e+00
1.298597194467134397e+00
1.310621242563126287e+00
1.322645290659118178e+00
1.334669338755110291e+00
1.346693386851102181e+00
1.358717434947094294e+00
1.370741483043086184e+00
1.382765531139078297e+00
1.394789579235070187e+00
1.406813627331062078e+00
1.418837675427054190e+00
1.430861723523046081e+00
1.442885771619038193e+00
1.454909819715030084e+00
1.466933867811021974e+00
1.478957915907014087e+00
1.490981964003005977e+00
1.503006012098998090e+00
1.515030060194989980e+00
1.527054108290982093e+00
1.539078156386973983e+00
1.551102204482965874e+00
1.563126252578957986e+00
1.575150300674949877e+00
1.587174348770941990e+00
1.599198396866933880e+00
1.611222444962925993e+00
1.623246493058917883e+00
1.635270541154909774e+00
1.647294589250901886e+00
1.659318637346893777e+00
1.671342685442885889e+00
1.683366733538877780e+00
1.695390781634869670e+00
1.707414829730861783e+00
1.719438877826853673e+00
1.731462925922845786e+00
1.743486974018837676e+00
1.755511022114829789e+00
1.767535070210821679e+00
1.779559118306813570e+00
1.791583166402805682e+00
1.803607214498797573e+00
1.815631262594789685e+00
1.827655310690781576e+00
1.839679358786773689e+00
1.851703406882765579e+00
1.863727454978757470e+00
1.875751503074749582e+00
1.887775551170741473e+00
1.899799599266733585e+00
1.911823647362725476e+00
1.923847695458717588e+00
1.935871743554709479e+00
1.947895791650701369e+00
1.959919839746693482e+00
1.971943887842685372e+00
1.983967935938677485e+00
1.995991984034669375e+00
2.008016032130661266e+00
2.020040080226653156e+00
2.032064128322645491e+00
2.044088176418637381e+00
2.056112224514629272e+00
2.068136272610621162e+00
2.080160320706613053e+00
2.092184368802605388e+00
2.104208416898597278e+00
2.116232464994589169e+00
2.128256513090581059e+00
2.140280561186573394e+00
2.152304609282565284e+00
2.164328657378557175e+00
2.176352705474549065e+00
2.188376753570540956e+00
2.200400801666533290e+00
2.212424849762525181e+00
2.224448897858517071e+00
2.236472945954508962e+00
2.248496994050500852e+00
2.260521042146493187e+00
2.272545090242485077e+00
2.284569138338476968e+00
2.296593186434468858e+00
2.308617234530460749e+00
2.320641282626453084e+00
2.332665330722444974e+00
2.344689378818436865e+00
2.356713426914428755e+00
2.368737475010421090e+00
2.380761523106412980e+00
2.392785571202404871e+00
2.404809619298396761e+00
2.416833667394388652e+00
2.428857715490380986e+00
2.440881763586372877e+00
2.452905811682364767e+00
2.464929859778356658e+00
2.476953907874348548e+00
2.488977955970340883e+00
2.501002004066332773e+00
2.513026052162324664e+00
2.525050100258316554e+00
2.537074148354308889e+00
2.549098196450300780e+00
2.561122244546292670e+00
2.573146292642284561e+00
2.585170340738276451e+00
2.597194388834268786e+00
2.609218436930260676e+00
2.621242485026252567e+00
2.633266533122244457e+00
2.645290581218236348e+00
2.657314629314228682e+00
2.669338677410220573e+00
2.681362725506212463e+00
2.693386773602204354e+00
2.705410821698196244e+00
2.717434869794188579e+00
2.729458917890180469e+00
2.741482965986172360e+00
2.753507014082164250e+00
2.765531062178156585e+00
2.777555110274148475e+00
2.789579158370140366e+00
2.801603206466132256e+00
2.813627254562124147e+00
2.825651302658116482e+00
2.837675350754108372e+00
2.849699398850100263e+00
2.861723446946092153e+00
2.873747495042084044e+00
2.885771543138076378e+00
2.897795591234068269e+00
2.909819639330060159e+00
2.921843687426052050e+00
2.933867735522043940e+00
2.945891783618036275e+00
2.957915831714028165e+00
2.969939879810020056e+00
2.981963927906011946e+00
2.993987976002004281e+00
3.006012024097996171e+00
3.018036072193988062e+00
3.030060120289979952e+00
3.042084168385971843e+00
3.054108216481964178e+00
3.066132264577956068e+00
3.078156312673947959e+00
3.090180360769939849e+00
3.102204408865931740e+00
3.114228456961924074e+00
3.126252505057915965e+00
3.138276553153907855e+00
3.150300601249899746e+00
3.162324649345891636e+00
3.174348697441883971e+00
3.186372745537875861e+00
3.198396793633867752e+00
3.210420841729859642e+00
3.222444889825851977e+00
3.234468937921843867e+00
3.246492986017835758e+00
3.258517034113827648e+00
3.270541082209819539e+00
3.282565130305811874e+00
3.294589178401803764e+00
3.306613226497795655e+00
3.318637274593787545e+00
3.330661322689779436e+00
3.342685370785771770e+00
3.354709418881763661e+00
3.366733466977755551e+00
3.378757515073747442e+00
3.390781563169739332e+00
3.402805611265731667e+00
3.414829659361723557e+00
3.426853707457715448e+00
3.438877755553707338e+00
3.450901803649699673e+00
3.462925851745691563e+00
3.474949899841683454e+00
3.486973947937675344e+00
3.498997996033667235e+00
3.511022044129659569e+00
3.523046092225651460e+00
3.535070140321643350e+00
3.547094188417635241e+00
3.559118236513627132e+00
3.571142284609619466e+00
3.583166332705611357e+00
3.595190380801603247e+00
3.607214428897595138e+00
3.619238476993587028e+00
3.631262525089579363e+00
3.643286573185571253e+00
3.655310621281563144e+00
3.667334669377555034e+00
3.679358717473547369e+00
3.691382765569539259e+00
3.703406813665531150e+00
3.715430861761523040e+00
3.727454909857514931e+00
3.739478957953507265e+00
3.751503006049499156e+00
3.763527054145491046e+00
3.775551102241482937e+00
3.787575150337474827e+00
3.799599198433467162e+00
3.811623246529459053e+00
3.823647294625450943e+00
3.835671342721442834e+00
3.847695390817435168e+00
3.859719438913427059e+00
3.871743487009418949e+00
3.883767535105410840e+00
3.895791583201402730e+00
3.907815631297395065e+00
3.919839679393386955e+00
3.931863727489378846e+00
3.943887775585370736e+00
3.955911823681362627e+00
3.967935871777354961e+00
3.979959919873346852e+00
3.991983967969338742e+00
4.004008016065331077e+00
4.016032064161322523e+00
4.028056112257314858e+00
4.040080160353306304e+00
4.052104208449298639e+00
4.064128256545290974e+00
4.076152304641282420e+00
4.088176352737274755e+00
4.100200400833266201e+00
4.112224448929258536e+00
4.124248497025250870e+00
4.136272545121242317e+00
4.148296593217234651e+00
4.160320641313226098e+00
4.172344689409218432e+00
4.184368737505210767e+00
4.196392785601202213e+00
4.208416833697194548e+00
4.220440881793186882e+00
4.232464929889178329e+00
4.244488977985170663e+00
4.256513026081162110e+00
4.268537074177154444e+00
4.280561122273146779e+00
4.292585170369138226e+00
4.304609218465130560e+00
4.316633266561122007e+00
4.328657314657114341e+00
4.340681362753106676e+00
4.352705410849098122e+00
4.364729458945090457e+00
4.376753507041081903e+00
4.388777555137074238e+00
4.400801603233066572e+00
4.412825651329058019e+00
4.424849699425050353e+00
4.436873747521041800e+00
4.448897795617034134e+00
4.460921843713026469e+00
4.472945891809017915e+00
4.484969939905010250e+00
4.496993988001001696e+00
4.509018036096994031e+00
4.521042084192986366e+00
4.533066132288977812e+00
4.545090180384970147e+00
4.557114228480961593e+00
4.569138276576953928e+00
4.581162324672946262e+00
4.593186372768937709e+00
4.605210420864930043e+00
4.617234468960921490e+00
4.629258517056913824e+00
4.641282565152906159e+00
4.653306613248897605e+00
4.665330661344889940e+00
4.677354709440882274e+00
4.689378757536873721e+00
4.701402805632866055e+00
4.713426853728857502e+00
4.725450901824849836e+00
4.737474949920842171e+00
4.749498998016833617e+00
4.761523046112825952e+00
4.773547094208817398e+00
4.785571142304809733e+00
4.797595190400802068e+00
4.809619238496793514e+00
4.821643286592785849e+00
4.833667334688777295e+00
4.845691382784769630e+00
4.857715430880761964e+00
4.869739478976753411e+00
4.881763527072745745e+00
4.893787575168737192e+00
4.905811623264729526e+00
4.917835671360721861e+00
4.929859719456713307e+00
4.941883767552705642e+00
4.953907815648697088e+00
4.965931863744689423e+00
4.977955911840681757e+00
4.989979959936673204e+00
5.002004008032665539e+00
5.014028056128656985e+00
5.026052104224649320e+00
5.038076152320641654e+00
5.050100200416633101e+00
5.062124248512625435e+00
5.074148296608617770e+00
5.086172344704609216e+00
5.098196392800601551e+00
5.110220440896592997e+00
5.122244488992585332e+00
5.134268537088577666e+00
5.146292585184569113e+00
5.158316633280561447e+00
5.170340681376552894e+00
5.182364729472545228e+00
5.194388777568537563e+00
5.206412825664529009e+00
5.218436873760521344e+00
5.230460921856512790e+00
5.242484969952505125e+00
5.254509018048497460e+00
5.266533066144488906e+00
5.278557114240481241e+00
5.290581162336472687e+00
5.302605210432465022e+00
5.314629258528457356e+00
5.326653306624448803e+00
5.338677354720441137e+00
5.350701402816432584e+00
5.362725450912424918e+00
5.374749499008417253e+00
5.386773547104408699e+00
5.398797595200401034e+00
5.410821643296392480e+00
5.422845691392384815e+00
5.434869739488377149e+00
5.446893787584368596e+00
5.458917835680360930e+00
5.470941883776352377e+00
5.482965931872344711e+00
5.494989979968337046e+00
5.507014028064328492e+00
5.519038076160320827e+00
5.531062124256313162e+00
5.543086172352304608e+00
5.555110220448296943e+00
5.567134268544288389e+00
5.579158316640280724e+00
5.591182364736273058e+00
5.603206412832264505e+00
5.615230460928256839e+00
5.627254509024248286e+00
5.639278557120240620e+00
5.651302605216232955e+00
5.663326653312224401e+00
5.675350701408216736e+00
5.687374749504208182e+00
5.699398797600200517e+00
5.711422845696192852e+00
5.723446893792184298e+00
5.735470941888176633e+00
5.747494989984168079e+00
5.759519038080160414e+00
5.771543086176152748e+00
5.783567134272144195e+00
5.795591182368136529e+00
5.807615230464127976e+00
5.819639278560120310e+00
5.831663326656112645e+00
5.843687374752104091e+00
5.855711422848096426e+00
5.867735470944087872e+00
5.879759519040080207e+00
5.891783567136072541e+00
5.903807615232063988e+00
5.915831663328056322e+00
5.927855711424047769e+00
5.939879759520040103e+00
5.951903807616032438e+00
5.963927855712023884e+00
5.975951903808016219e+00
5.987975951904008554e+00
6.000000000000000000e+00
