2.474624555796185899e+00
2.473816828052058270e+00
2.472300286140646008e+00
2.470098204121798702e+00
2.467222565324335815e+00
2.463688352446233409e+00
2.459513323144752128e+00
2.454717744948183622e+00
2.449324104823655812e+00
2.443356802105287162e+00
2.436841832807473907e+00
2.429806472840670306e+00
2.422278966955859314e+00
2.414288229378620088e+00
2.405863561106692305e+00
2.397034387797911670e+00
2.387830021124842439e+00
2.378279445467343045e+00
2.368411130891389771e+00
2.358252872549837065e+00
2.347831655953673824e+00
2.337173547006843322e+00
2.326303605273679409e+00
2.315245818645965237e+00
2.304023057385172102e+00
2.292657045420964934e+00
2.281168346770375166e+00
2.269576364991096273e+00
2.257899353678524346e+00
2.246154436147622224e+00
2.234357632594644372e+00
2.222523893200299305e+00
2.210667135806810180e+00
2.198800286970394424e+00
2.186935325352842963e+00
2.175083326568369113e+00
2.163254508741943027e+00
2.151458278162354354e+00
2.139703274526560950e+00
2.127997415371660317e+00
2.116347939377471565e+00
2.104761448297611359e+00
2.093243947340220679e+00
2.081800883873202945e+00
2.070437184373084882e+00
2.059157289573387395e+00
2.047965187798002518e+00
2.036864446489009772e+00
2.025858241956981942e+00
2.014949387396554492e+00
2.004140359220673240e+00
1.993433321775272216e+00
1.982830150501117439e+00
1.972332453613720116e+00
1.961941592373456222e+00
1.951658700019132109e+00
1.941484699437569184e+00
1.931420319640580363e+00
1.921466111119191078e+00
1.911622460142273550e+00
1.901889602064675167e+00
1.892267633706774088e+00
1.882756524864737990e+00
1.873356129007744286e+00
1.864066193215340173e+00
1.854886367405360836e+00
1.845816212899735742e+00
1.836855210372896341e+00
1.828002767224589542e+00
1.819258224416451686e+00
1.810620862809209974e+00
1.802089909034794157e+00
1.793664540935782536e+00
1.785343892602046179e+00
1.777127059032870271e+00
1.769013100450544940e+00
1.761001046290066707e+00
1.753089898887495668e+00
1.745278636888347501e+00
1.737566218395713014e+00
1.729951583876420340e+00
1.722433658842480453e+00
1.715011356323691061e+00
1.707683579146158648e+00
1.700449222030642638e+00
1.693307173523502351e+00
1.686256317772087954e+00
1.679295536155879009e+00
1.672423708783449925e+00
1.665639715865081083e+00
1.658942438969733812e+00
1.652330762174913925e+00
1.645803573116931151e+00
1.639359763948834647e+00
1.632998232212743872e+00
1.626717881632655294e+00
1.620517622833636651e+00
1.614396373992613265e+00
1.608353061425909836e+00
1.602386620118077865e+00
1.596495994196319490e+00
1.590680137354599122e+00
1.584938013231115717e+00
1.579268595742592263e+00
1.573670869378668291e+00
1.568143829459349270e+00
1.562686482358336182e+00
1.557297845694782801e+00
1.551976948495948694e+00
1.546722831332965065e+00
1.541534546431810426e+00
1.536411157761404134e+00
1.531351741100676733e+00
1.526355384086254485e+00
1.521421186242316814e+00
1.516548258994111720e+00
1.511735725666437435e+00
1.506982721468344888e+00
1.502288393465280869e+00
1.497651900539655578e+00
1.493072413340940319e+00
1.488549114226144443e+00
1.484081197191597923e+00
1.479667867796836456e+00
1.475308343081265905e+00
1.471001851474421862e+00
1.466747632700356796e+00
1.462544937676806933e+00
1.458393028409695757e+00
1.454291177883447528e+00
1.450238669947635284e+00
1.446234799200368348e+00
1.442278870868824558e+00
1.438370200687363099e+00
1.434508114773468623e+00
1.430691949501932791e+00
1.426921051377560090e+00
1.423194776906596681e+00
1.419512492467270626e+00
1.415873574179530081e+00
1.412277407774327420e+00
1.408723388462541415e+00
1.405210920803799501e+00
1.401739418575315810e+00
1.398308304640924149e+00
1.394917010820438064e+00
1.391564977759477406e+00
1.388251654799859125e+00
1.384976499850676390e+00
1.381738979260167755e+00
1.378538567688441185e+00
1.375374747981166212e+00
1.372247011044271714e+00
1.369154855719744157e+00
1.366097788662564927e+00
1.363075324218865347e+00
1.360086984305306057e+00
1.357132298289747574e+00
1.354210802873280883e+00
1.351322041973549659e+00
1.348465566609529542e+00
1.345640934787645904e+00
1.342847711389387744e+00
1.340085468060306262e+00
1.337353783100507787e+00
1.334652241356603541e+00
1.331980434115148881e+00
1.329337958997537150e+00
1.326724419856407433e+00
1.324139426673526465e+00
1.321582595459161347e+00
1.319053548152925748e+00
1.316551912526126911e+00
1.314077322085562605e+00
1.311629415978802227e+00
1.309207838900926957e+00
1.306812241002698993e+00
1.304442277800206273e+00
1.302097610085904078e+00
1.299777903841091931e+00
1.297482830149783162e+00
1.295212065113980904e+00
1.292965289770309667e+00
1.290742190008026702e+00
1.288542456488373844e+00
1.286365784565259407e+00
1.284211874207261239e+00
1.282080429920922526e+00
1.279971160675342556e+00
1.277883779828023592e+00
1.275818005051969184e+00
1.273773558264024830e+00
1.271750165554429435e+00
1.269747557117556047e+00
1.267765467183861183e+00
1.265803633952962581e+00
1.263861799527895347e+00
1.261939709850493418e+00
1.260037114637863054e+00
1.258153767319974525e+00
1.256289424978329627e+00
1.254443848285680785e+00
1.252616801446807759e+00
1.250808052140308213e+00
1.249017371461417891e+00
1.247244533865812466e+00
1.245489317114391259e+00
1.243751502219026195e+00
1.242030873389258216e+00
1.240327217979917407e+00
1.238640326439663264e+00
1.236969992260429141e+00
1.235316011927737545e+00
1.233678184871897843e+00
1.232056313420048843e+00
1.230450202749043598e+00
1.228859660839159984e+00
1.227284498428620640e+00
1.225724528968904270e+00
1.224179568580843203e+00
1.222649436011494117e+00
1.221133952591747951e+00
1.219632942194696756e+00
1.218146231194725759e+00
1.216673648427303522e+00
1.215215025149496197e+00
1.213770195001162788e+00
1.212338993966825651e+00
1.210921260338204464e+00
1.209516834677407449e+00
1.208125559780764968e+00
1.206747280643288178e+00
1.205381844423746074e+00
1.204029100410352493e+00
1.202688899987049975e+00
1.201361096600372047e+00
1.200045545726892593e+00
1.198742104841221012e+00
1.197450633384568253e+00
1.196170992733849747e+00
1.194903046171319261e+00
1.193646658854731424e+00
1.192401697788020298e+00
1.191168031792472881e+00
1.189945531478413088e+00
1.188734069217360911e+00
1.187533519114673863e+00
1.186343756982659592e+00
1.185164660314146134e+00
1.183996108256506030e+00
