2.333261513947636701e+00
2.332974662752481443e+00
2.332238065494744106e+00
2.331055885769093727e+00
2.329431585513385805e+00
2.327369885589839260e+00
2.324876728027017059e+00
2.321959225114141656e+00
2.318625598864211046e+00
2.314885112266742428e+00
2.310747993594003624e+00
2.306225355043379555e+00
2.301329107019796094e+00
2.296071869360558626e+00
2.290466880774421732e+00
2.284527907710264483e+00
2.278269153791487867e+00
2.271705170854194655e+00
2.264850772515821120e+00
2.257720951080163019e+00
2.250330798459172943e+00
2.242695431665794992e+00
2.234829923308520261e+00
2.226749237400417414e+00
2.218468170684946728e+00
2.210001299580444112e+00
2.201362932754789448e+00
2.192567069262891355e+00
2.183627362112201986e+00
2.174557087065132066e+00
2.165369116441790087e+00
2.156075897651369644e+00
2.146689436154192165e+00
2.137221282539271350e+00
2.127682523391887237e+00
2.118083775622032761e+00
2.108435183926550049e+00
2.098746421064096701e+00
2.089026690632149741e+00
2.079284732048440887e+00
2.069528827454338860e+00
2.059766810274577864e+00
2.050006075185551779e+00
2.040253589262996492e+00
2.030515904098216584e+00
2.020799168690849079e+00
2.011109142943774408e+00
2.001451211603687774e+00
1.991830398507147049e+00
1.982251381007908764e+00
1.972718504476076884e+00
1.963235796773474151e+00
1.953806982622353194e+00
1.944435497796302093e+00
1.935124503073113900e+00
1.925876897898798790e+00
1.916695333721090133e+00
1.907582226958390414e+00
1.898539771577413937e+00
1.889569951258858627e+00
1.880674551136168215e+00
1.871855169097060179e+00
1.863113226641976095e+00
1.854449979297216444e+00
1.845866526583504585e+00
1.837363821543747555e+00
1.828942679835657392e+00
1.820603788397174849e+00
1.812347713693919449e+00
1.804174909559235207e+00
1.796085724638570191e+00
1.788080409450423902e+00
1.780159123076955119e+00
1.772321939497576215e+00
1.764568853579153718e+00
1.756899786736572766e+00
1.749314592277512848e+00
1.741813060444964201e+00
1.734394923171198366e+00
1.727059858556351690e+00
1.719807495084768156e+00
1.712637415591690360e+00
1.705549160992768432e+00
1.698542233788264078e+00
1.691616101353607071e+00
1.684770199027322057e+00
1.678003933007223392e+00
1.671316683065027231e+00
1.664707805089358228e+00
1.658176633466474925e+00
1.651722483307896061e+00
1.645344652533360374e+00
1.639042423817450578e+00
1.632815066407569127e+00
1.626661837820793099e+00
1.620581985426565730e+00
1.614574747921944997e+00
1.608639356705716672e+00
1.602775037157430749e+00
1.596981009826956122e+00
1.591256491539999374e+00
1.585600696424626532e+00
1.580012836863616377e+00
1.574492124377128377e+00
1.569037770440060209e+00
1.563648987237980847e+00
1.558324988365609842e+00
1.553064989471307777e+00
1.547868208851030047e+00
1.542733867994869001e+00
1.537661192089263773e+00
1.532649410477598728e+00
1.527697757081938335e+00
1.522805470788342941e+00
1.517971795798128465e+00
1.513195981947316637e+00
1.508477284996258660e+00
1.503814966891493299e+00
1.499208296001624419e+00
1.494656547328913287e+00
1.490159002698282720e+00
1.485714950925139277e+00
1.481323687963574054e+00
1.476984517036184164e+00
1.472696748746794571e+00
1.468459701177288412e+00
1.464272699969620284e+00
1.460135078394074970e+00
1.456046177404742625e+00
1.452005345683072379e+00
1.448011939670473369e+00
1.444065323590648209e+00
1.440164869462459363e+00
1.436309957104091151e+00
1.432499974129026743e+00
1.428734315934614862e+00
1.425012385683706251e+00
1.421333594279923229e+00
1.417697360337109469e+00
1.414103110143354769e+00
1.410550277620136406e+00
1.407038304276924556e+00
1.403566639161656360e+00
1.400134738807461643e+00
1.396742067175955171e+00
1.393388095597431153e+00
1.390072302708252883e+00
1.386794174385697964e+00
1.383553203680552679e+00
1.380348890747660207e+00
1.377180742774672062e+00
1.374048273909197926e+00
1.370951005184565918e+00
1.367888464444359187e+00
1.364860186265897779e+00
1.361865711882853658e+00
1.358904589107108984e+00
1.355976372249994233e+00
1.353080622043077330e+00
1.350216905558570879e+00
1.347384796129492246e+00
1.344583873269666885e+00
1.341813722593693470e+00
1.339073935736904586e+00
1.336364110275475081e+00
1.333683849646672526e+00
1.331032763069402547e+00
1.328410465465016177e+00
1.325816577378538863e+00
1.323250724900288500e+00
1.320712539587979073e+00
1.318201658389334341e+00
1.315717723565263508e+00
1.313260382613636423e+00
1.310829288193656295e+00
1.308424098050932516e+00
1.306044474943198752e+00
1.303690086566757111e+00
1.301360605483655952e+00
1.299055709049602214e+00
1.296775079342657122e+00
1.294518403092699277e+00
1.292285371611689326e+00
1.290075680724743545e+00
1.287889030702014992e+00
1.285725126191400225e+00
1.283583676152090680e+00
1.281464393788931400e+00
1.279366996487641073e+00
1.277291205750874292e+00
1.275236747135112925e+00
1.273203350188412131e+00
1.271190748388988379e+00
1.269198679084647452e+00
1.267226883433064888e+00
1.265275106342888645e+00
1.263343096415681543e+00
1.261430605888709700e+00
1.259537390578528537e+00
1.257663209825420125e+00
1.255807826438629204e+00
1.253971006642411457e+00
1.252152520022884463e+00
1.250352139475686908e+00
1.248569641154408272e+00
1.246804804419815671e+00
1.245057411789851631e+00
1.243327248890399028e+00
1.241614104406800312e+00
1.239917770036129241e+00
1.238238040440219123e+00
1.236574713199394271e+00
1.234927588766958628e+00
1.233296470424380509e+00
1.231681164237186765e+00
1.230081479011566392e+00
1.228497226251655361e+00
1.226928220117492252e+00
1.225374277383671551e+00
1.223835217398626884e+00
1.222310862044598823e+00
1.220801035698217740e+00
1.219305565191743934e+00
1.217824279774920804e+00
1.216357011077452643e+00
1.214903593072081067e+00
1.213463862038271390e+00
1.212037656526478990e+00
1.210624817323005642e+00
1.209225187415419844e+00
1.207838611958546471e+00
1.206464938241013307e+00
1.205104015652329830e+00
1.203755695650531532e+00
1.202419831730317634e+00
1.201096279391746124e+00
1.199784896109415522e+00
1.198485541302159341e+00
1.197198076303245262e+00
1.195922364331053700e+00
1.194658270460237759e+00
1.193405661593359257e+00
1.192164406432994150e+00
1.190934375454284044e+00
1.189715440877948227e+00
1.188507476643734906e+00
1.187310358384310760e+00
1.186123963399570380e+00
1.184948170631380915e+00
1.183782860638726842e+00
