2.276495421816363773e+00
2.276282937254455518e+00
2.275658260129771016e+00
2.274623402576572140e+00
2.273181366422569738e+00
2.271336313311686173e+00
2.269093526952216777e+00
2.266459366264161446e+00
2.263441209985992408e+00
2.260047393709205821e+00
2.256287140459298346e+00
2.252170486011318307e+00
2.247708200160506209e+00
2.242911705168517233e+00
2.237792992577307238e+00
2.232364539528213676e+00
2.226639225647447429e+00
2.220630251465301797e+00
2.214351059229733742e+00
2.207815256859684272e+00
2.201036545664239341e+00
2.194028652333919638e+00
2.186805265593837699e+00
2.179379977797034407e+00
2.171766231633177391e+00
2.163977272033708488e+00
2.156026103270753502e+00
2.147925451174319100e+00
2.139687730330502635e+00
2.131325016072217693e+00
2.122849021033301753e+00
2.114271076005577399e+00
2.105602114816027992e+00
2.096852662926694144e+00
2.088032829452226125e+00
2.079152302288174603e+00
2.070220346046511395e+00
2.061245802502035041e+00
2.052237093264265511e+00
2.043202224402209666e+00
2.034148792764884028e+00
2.025083993756654266e+00
2.016014630343637926e+00
2.006947123084951379e+00
1.997887521000278221e+00
1.988841513102352021e+00
1.979814440439813472e+00
1.970811308512015803e+00
1.961836799932650255e+00
1.952895287233373800e+00
1.943990845712212368e+00
1.935127266243819921e+00
1.926308067980278871e+00
1.917536510881440837e+00
1.908815608023500809e+00
1.900148137642956092e+00
1.891536654880995094e+00
1.882983503200054365e+00
1.874490825450666254e+00
1.866060574571887898e+00
1.857694523913604012e+00
1.849394277172915269e+00
1.841161277940594365e+00
1.832996818856710952e+00
1.824902050376953966e+00
1.816877989153625972e+00
1.808925526037238996e+00
1.801045433705831922e+00
1.793238373930860607e+00
1.785504904489131128e+00
1.777845485731378350e+00
1.770260486818402201e+00
1.762750191636339725e+00
1.755314804402775986e+00
1.747954454975751304e+00
1.740669203877496463e+00
1.733459047045038393e+00
1.726323920319420058e+00
1.719263703685321110e+00
1.712278225272460208e+00
1.705367265130091736e+00
1.698530558785432021e+00
1.691767800596652327e+00
1.685078646910672440e+00
1.678462719035662243e+00
1.671919606037765682e+00
1.665448867371171149e+00
1.659050035350453367e+00
1.652722617473386002e+00
1.646466098602444195e+00
1.640279943012617370e+00
1.634163596312852018e+00
1.628116487248134181e+00
1.622138029388806135e+00
1.616227622713512835e+00
1.610384655091716688e+00
1.604608503671466568e+00
1.598898536177901342e+00
1.593254112127536093e+00
1.587674583963199382e+00
1.582159298114249601e+00
1.576707595986361010e+00
1.571318814885030557e+00
1.565992288876690397e+00
1.560727349591080282e+00
1.555523326968345721e+00
1.550379549954166380e+00
1.545295347145981824e+00
1.540270047393253794e+00
1.535302980354485314e+00
1.530393477013640702e+00
1.525540870158374585e+00
1.520744494822403370e+00
1.516003688694191665e+00
1.511317792493997558e+00
1.506686150321230322e+00
1.502108109973910199e+00
1.497583023241981559e+00
1.493110246176083011e+00
1.488689139333274181e+00
1.484319068001183961e+00
1.479999402401940722e+00
1.475729517877104602e+00
1.471508795054840224e+00
1.467336620000454062e+00
1.463212384351332274e+00
1.459135485437303315e+00
1.455105326387357678e+00
1.451121316223583202e+00
1.447182869943197003e+00
1.443289408589404355e+00
1.439440359311857875e+00
1.435635155417385178e+00
1.431873236411660866e+00
1.428154048032397538e+00
1.424477042274685523e+00
1.420841677408949399e+00
1.417247417992129055e+00
1.413693734872444541e+00
1.410180105188326927e+00
1.406706012361789604e+00
1.403270946086795590e+00
1.399874402312864641e+00
1.396515883224339838e+00
1.393194897215621175e+00
1.389910958862685231e+00
1.386663588891184240e+00
1.383452314141354833e+00
1.380276667530078605e+00
1.377136188010247508e+00
1.374030420527712515e+00
1.370958915976005166e+00
1.367921231149045624e+00
1.364916928692005538e+00
1.361945577050520884e+00
1.359006750418392029e+00
1.356100028683963954e+00
1.353224997375279903e+00
1.350381247604188983e+00
1.347568376009508295e+00
1.344785984699356840e+00
1.342033681192794203e+00
1.339311078360826412e+00
1.336617794366927070e+00
1.333953452607113954e+00
1.331317681649694329e+00
1.328710115174759787e+00
1.326130391913467044e+00
1.323578155587232574e+00
1.321053054846851760e+00
1.318554743211605151e+00
1.316082879008467543e+00
1.313637125311370113e+00
1.311217149880658184e+00
1.308822625102724180e+00
1.306453227929890382e+00
1.304108639820562132e+00
1.301788546679689906e+00
1.299492638799582211e+00
1.297220610801065321e+00
1.294972161575081104e+00
1.292746994224658774e+00
1.290544816007374695e+00
1.288365338278235850e+00
1.286208276433089770e+00
1.284073349852491885e+00
1.281960281846120653e+00
1.279868799597702056e+00
1.277798634110483000e+00
1.275749520153252270e+00
1.273721196206931250e+00
1.271713404411720205e+00
1.269725890514834976e+00
1.267758403818818769e+00
1.265810697130443696e+00
1.263882526710204957e+00
1.261973652222420084e+00
1.260083836685911507e+00
1.258212846425295517e+00
1.256360451022888292e+00
1.254526423271196123e+00
1.252710539126011380e+00
1.250912577660119318e+00
1.249132321017606850e+00
1.247369554368759070e+00
1.245624065865567509e+00
1.243895646597829918e+00
1.242184090549833364e+00
1.240489194557649721e+00
1.238810758266992940e+00
1.237148584091679382e+00
1.235502477172656377e+00
1.233872245337605422e+00
1.232257699061125145e+00
1.230658651425472927e+00
1.229074918081861201e+00
1.227506317212328835e+00
1.225952669492145874e+00
1.224413798052771396e+00
1.222889528445348262e+00
1.221379688604743441e+00
1.219884108814096813e+00
1.218402621669912200e+00
1.216935062047659555e+00
1.215481267067883397e+00
1.214041076062827296e+00
1.212614330543551056e+00
1.211200874167536856e+00
1.209800552706804311e+00
1.208413214016473392e+00
1.207038708003839389e+00
1.205676886597889963e+00
1.204327603719295814e+00
1.202990715250867204e+00
1.201666079008443244e+00
1.200353554712240589e+00
1.199053003958636232e+00
1.197764290192388614e+00
1.196487278679277511e+00
1.195221836479166910e+00
1.193967832419490893e+00
1.192725137069145847e+00
1.191493622712775036e+00
1.190273163325465511e+00
1.189063634547837367e+00
1.187864913661500044e+00
1.186676879564914522e+00
1.185499412749617676e+00
1.184332395276807670e+00
1.183175710754314380e+00
