2.299935423425721659e+00
2.299701660983637819e+00
2.299044908499346285e+00
2.297967766515134791e+00
2.296473327783847829e+00
2.294565861151058428e+00
2.292250776365183818e+00
2.289534577230786017e+00
2.286424805701599006e+00
2.282929978226585277e+00
2.279059515544131997e+00
2.274823667137354732e+00
2.270233431583141837e+00
2.265300474024563471e+00
2.260037041966753257e+00
2.254455880541621049e+00
2.248570148310113481e+00
2.242393334577033048e+00
2.235939179086385842e+00
2.229221594849784438e+00
2.222254594741217115e+00
2.215052222370974988e+00
2.207628487634964110e+00
2.199997307223656051e+00
2.192172450271554496e+00
2.184167489233140191e+00
2.175995755987516045e+00
2.167670303100247331e+00
2.159203870108867829e+00
2.150608854646561596e+00
2.141897288177629477e+00
2.133080816086367903e+00
2.124170681838167152e+00
2.115177714916549156e+00
2.106112322231868728e+00
2.096984482694955521e+00
2.087803744652129811e+00
2.078579225884801485e+00
2.069319615887241781e+00
2.060033180149089205e+00
2.050727766183806811e+00
2.041410811060645702e+00
2.032089350214513424e+00
2.022770027325507591e+00
2.013459105077367362e+00
2.004162476621251798e+00
1.994885677587953765e+00
1.985633898507569661e+00
1.976411997511177798e+00
1.967224513203207126e+00
1.958075677606755161e+00
1.948969429096579553e+00
1.939909425245948116e+00
1.930899055524114782e+00
1.921941453790767529e+00
1.913039510542452248e+00
1.904195884873861377e+00
1.895413016123760119e+00
1.886693135181724434e+00
1.878038275437192484e+00
1.869450283357417808e+00
1.860930828684912886e+00
1.852481414248944747e+00
1.844103385388708549e+00
1.835797938988461331e+00
1.827566132127590448e+00
1.819408890350139307e+00
1.811327015560293408e+00
1.803321193551556734e+00
1.795392001178492958e+00
1.787539913180749895e+00
1.779765308669850832e+00
1.772068477289661326e+00
1.764449625061902616e+00
1.756908879928199330e+00
1.749446297000371686e+00
1.742061863530689703e+00
1.734755503613739647e+00
1.727527082631348243e+00
1.720376411452161136e+00
1.713303250396665867e+00
1.706307312978901258e+00
1.699388269435180066e+00
1.692545750050248099e+00
1.685779348290794566e+00
1.679088623755933929e+00
1.672473104953905665e+00
1.665932291913899466e+00
1.659465658641666508e+00
1.653072655426900406e+00
1.646752711010503134e+00
1.640505234619018093e+00
1.634329617873561791e+00
1.628225236579966539e+00
1.622191452406756440e+00
1.616227614457071082e+00
1.610333060740491984e+00
1.604507119550358851e+00
1.598749110751899405e+00
1.593058346986246487e+00
1.587434134795077334e+00
1.581875775670538609e+00
1.576382567034609439e+00
1.570953803152125294e+00
1.565588775981212155e+00
1.560286775964863093e+00
1.555047092767066763e+00
1.549869015956765184e+00
1.544751835642735660e+00
1.539694843062316076e+00
1.534697331126718023e+00
1.529758594925512138e+00
1.524877932192830299e+00
1.520054643737456246e+00
1.515288033839130133e+00
1.510577410613067162e+00
1.505922086344634980e+00
1.501321377796032142e+00
1.496774606486729553e+00
1.492281098949248763e+00
1.487840186961874034e+00
1.483451207759701296e+00
1.479113504225414655e+00
1.474826425061072088e+00
1.470589324942105147e+00
1.466401564654697953e+00
1.462262511217565564e+00
1.458171537989212840e+00
1.454128024761575544e+00
1.450131357840954260e+00
1.446180930117090702e+00
1.442276141121189292e+00
1.438416397073583930e+00
1.434601110921828182e+00
1.430829702369787348e+00
1.427101597898427832e+00
1.423416230778818514e+00
1.419773041077970976e+00
1.416171475657952428e+00
1.412610988168812920e+00
1.409091039035780479e+00
1.405611095441100522e+00
1.402170631301014492e+00
1.398769127238132404e+00
1.395406070549688682e+00
1.392080955171888679e+00
1.388793281640767541e+00
1.385542557049774803e+00
1.382328295004381813e+00
1.379150015574012178e+00
1.376007245241462673e+00
1.372899516850101254e+00
1.369826369549042910e+00
1.366787348736461460e+00
1.363782006001289959e+00
1.360809899063417427e+00
1.357870591712609709e+00
1.354963653746239949e+00
1.352088660906032747e+00
1.349245194813914139e+00
1.346432842907094862e+00
1.343651198372550315e+00
1.340899860080919659e+00
1.338178432520019667e+00
1.335486525727989093e+00
1.332823755226196782e+00
1.330189741951987248e+00
1.327584112191328547e+00
1.325006497511433068e+00
1.322456534693435604e+00
1.319933865665166017e+00
1.317438137434087775e+00
1.314969002020443645e+00
1.312526116390671183e+00
1.310109142391111092e+00
1.307717746682069748e+00
1.305351600672266077e+00
1.303010380453688111e+00
1.300693766736897850e+00
1.298401444786828174e+00
1.296133104359069588e+00
1.293888439636686094e+00
1.291667149167586626e+00
1.289468935802462912e+00
1.287293506633311324e+00
1.285140572932564451e+00
1.283009850092824866e+00
1.280901057567246593e+00
1.278813918810544958e+00
1.276748161220658151e+00
1.274703516081058030e+00
1.272679718503748170e+00
1.270676507372908048e+00
1.268693625289228688e+00
1.266730818514916201e+00
1.264787836919390118e+00
1.262864433925650731e+00
1.260960366457342108e+00
1.259075394886501886e+00
1.257209282981988974e+00
1.255361797858596473e+00
1.253532709926860278e+00
1.251721792843524250e+00
1.249928823462717720e+00
1.248153581787769806e+00
1.246395850923731619e+00
1.244655417030540612e+00
1.242932069276858842e+00
1.241225599794581136e+00
1.239535803633970756e+00
1.237862478719477188e+00
1.236205425806168323e+00
1.234564448436820783e+00
1.232939352899640628e+00
1.231329948186595802e+00
1.229736045952386725e+00
1.228157460474020191e+00
1.226594008610994990e+00
1.225045509766089280e+00
1.223511785846735700e+00
1.221992661226997567e+00
1.220487962710097074e+00
1.218997519491557879e+00
1.217521163122875949e+00
1.216058727475779921e+00
1.214610048707017942e+00
1.213174965223709156e+00
1.211753317649222339e+00
1.210344948789590758e+00
1.208949703600454839e+00
1.207567429154505323e+00
1.206197974609458878e+00
1.204841191176515558e+00
1.203496932089328286e+00
1.202165052573447745e+00
1.200845409816257092e+00
1.199537862937381849e+00
1.198242272959558097e+00
1.196958502779975841e+00
1.195686417142063362e+00
1.194425882607722089e+00
1.193176767530014226e+00
1.191938942026260717e+00
1.190712277951595288e+00
1.189496648872909512e+00
1.188291930043237077e+00
1.187097998376532848e+00
1.185914732422856721e+00
1.184742012343951156e+00
1.183579719889218840e+00
