2.738164381369019296e+00
2.735110403097904097e+00
2.730261933642478045e+00
2.723758675280526731e+00
2.715690815735292141e+00
2.706164082753848010e+00
2.695296085263509944e+00
2.683212514734144349e+00
2.670043446261110454e+00
2.655919917355240578e+00
2.640970915957457699e+00
2.625320861040216336e+00
2.609087613386069648e+00
2.592381014612946899e+00
2.575301921585518183e+00
2.557941681813939550e+00
2.540381982861208421e+00
2.522695003903202782e+00
2.504943798730438154e+00
2.487182844877354526e+00
2.469458701579170246e+00
2.451810728523710736e+00
2.434271826847580478e+00
2.416869172799053445e+00
2.399624922509884684e+00
2.382556873161906452e+00
2.365679071443239856e+00
2.349002364612523763e+00
2.332534892845256280e+00
2.316282523974202867e+00
2.300249233413044880e+00
2.284437433123427841e+00
2.268848254087746596e+00
2.253481787000454428e+00
2.238337285890648953e+00
2.223413339214450613e+00
2.208708012670117959e+00
2.194218967639135265e+00
2.179943558775647272e+00
2.165878913880236567e+00
2.152021998818596238e+00
2.138369669891110991e+00
2.124918715733163488e+00
2.111665890530657119e+00
2.098607940071383293e+00
2.085741621920321531e+00
2.073063720804068311e+00
2.060571060113279174e+00
2.048260510281147972e+00
2.036128994666363212e+00
2.024173493459547668e+00
2.012391046039233800e+00
2.000778752125633275e+00
1.989333772015163149e+00
1.978053326124355138e+00
1.966934694026768904e+00
1.955975213129155676e+00
1.945172277102649616e+00
1.934523334159568009e+00
1.924025885246041012e+00
1.913677482204218849e+00
1.903475725944033137e+00
1.893418264654468164e+00
1.883502792075002485e+00
1.873727045841721450e+00
1.864088805917072378e+00
1.854585893108128269e+00
1.845216167675150398e+00
1.835977528030025674e+00
1.826867909522089661e+00
1.817885283308076971e+00
1.809027655301591375e+00
1.800293065197499098e+00
1.791679585565818744e+00
1.783185321010067659e+00
1.774808407384619091e+00
1.766547011066143646e+00
1.758399328274008244e+00
1.750363584435211672e+00
1.742438033589259971e+00
1.734620957829021481e+00
1.726910666773782133e+00
1.719305497071025535e+00
1.711803811923759522e+00
1.704404000640545647e+00
1.697104478205680778e+00
1.689903684867079647e+00
1.682800085739960316e+00
1.675792170424276417e+00
1.668878452634388498e+00
1.662057469839475221e+00
1.655327782913380563e+00
1.648687975792833438e+00
1.642136655142949930e+00
1.635672450029324265e+00
1.629294011595860958e+00
1.623000012747752185e+00
1.616789147839080787e+00
1.610660132364569286e+00
1.604611702655129868e+00
1.598642615576872927e+00
1.592751648233288186e+00
1.586937597670491806e+00
1.581199280585200206e+00
1.575535533035482327e+00
1.569945210154074289e+00
1.564427185864182057e+00
1.558980352597820307e+00
1.553603621016532266e+00
1.548295919734565818e+00
1.543056195044474110e+00
1.537883410645151994e+00
1.532776547372310283e+00
1.527734602931458019e+00
1.522756591633382506e+00
1.517841544132171094e+00
1.512988507165836882e+00
1.508196543299542780e+00
1.503464730671517646e+00
1.498792162741636735e+00
1.494177948042783699e+00
1.489621209934952617e+00
1.485121086362187093e+00
1.480676729612363074e+00
1.476287306079819839e+00
1.471951996030934406e+00
1.467669993372595849e+00
1.463440505423637905e+00
1.459262752689248765e+00
1.455135968638363142e+00
1.451059399484055934e+00
1.447032303966916622e+00
1.443053953141512746e+00
1.439123630165793255e+00
1.435240630093564285e+00
1.431404259669972312e+00
1.427613837130023988e+00
1.423868692000070491e+00
1.420168164902365415e+00
1.416511607362550995e+00
1.412898381620171673e+00
1.409327860442112890e+00
1.405799426939051688e+00
1.402312474384732166e+00
1.398866406038265620e+00
1.395460634969238001e+00
1.392094583885716830e+00
1.388767684965080296e+00
1.385479379687671653e+00
1.382229118673234058e+00
1.379016361520090328e+00
1.375840576647072044e+00
1.372701241138136741e+00
1.369597840589641402e+00
1.366529868960264515e+00
1.363496828423528706e+00
1.360498229222880884e+00
1.357533589529340778e+00
1.354602435301602625e+00
1.351704300148658611e+00
1.348838725194815291e+00
1.346005258947139627e+00
1.343203457165262016e+00
1.340432882733487263e+00
1.337693105535248561e+00
1.334983702329781696e+00
1.332304256631037687e+00
1.329654358588801433e+00
1.327033604871949102e+00
1.324441598553836252e+00
1.321877948999775398e+00
1.319342271756559715e+00
1.316834188444024223e+00
1.314353326648564524e+00
1.311899319818645493e+00
1.309471807162189583e+00
1.307070433545886257e+00
1.304694849396332845e+00
1.302344710603006828e+00
1.300019678423028235e+00
1.297719419387675321e+00
1.295443605210631732e+00
1.293191912697928103e+00
1.290964023659546989e+00
1.288759624822671812e+00
1.286578407746529429e+00
1.284420068738818088e+00
1.282284308773679937e+00
1.280170833411198750e+00
1.278079352718380690e+00
1.276009581191599240e+00
1.273961237680482750e+00
1.271934045313213080e+00
1.269927731423196260e+00
1.267942027477102274e+00
1.265976669004227340e+00
1.264031395527178026e+00
1.262105950493815909e+00
1.260200081210477663e+00
1.258313538776422824e+00
1.256446078019494594e+00
1.254597457432958141e+00
1.252767439113526393e+00
1.250955788700494509e+00
1.249162275316034298e+00
1.247386671506550471e+00
1.245628753185150428e+00
1.243888299575138801e+00
1.242165093154568689e+00
1.240458919601815424e+00
1.238769567742125988e+00
1.237096829495163197e+00
1.235440499823512228e+00
1.233800376682113287e+00
1.232176260968631976e+00
1.230567956474728719e+00
1.228975269838209927e+00
1.227398010496063785e+00
1.225835990638338480e+00
1.224289025162862421e+00
1.222756931630782695e+00
1.221239530222911984e+00
1.219736643696864409e+00
1.218248097344968084e+00
1.216773718952926187e+00
1.215313338759241635e+00
1.213866789415355196e+00
1.212433905946514567e+00
1.211014525713326018e+00
1.209608488374019464e+00
1.208215635847375902e+00
1.206835812276314757e+00
1.205468863992139150e+00
1.204114639479415327e+00
1.202772989341480914e+00
1.201443766266558688e+00
1.200126824994482755e+00
1.198822022284000255e+00
1.197529216880670822e+00
1.196248269485316706e+00
1.194979042723040452e+00
1.193721401112782132e+00
1.192475211037416161e+00
1.191240340714372126e+00
1.190016660166776319e+00
1.188804041195086869e+00
1.187602357349238247e+00
1.186411483901264052e+00
1.185231297818404306e+00
1.184061677736669704e+00
